Shuffle WireRing - Clustering 30
0.0 
0.1159999999999998 
0.3229999999999996 
0.4644619047619025 
0.5636126984126969 
0.6335460317460317 
0.6882682539682538 
0.7378789321789319 
0.764866883116883 
0.7964802697302694 
0.8125115329115327 
0.8285255744255736 
0.8359241377903133 
0.8433714590964586 
0.8456287957140889 
0.8506646898165472 
0.8497827484864644 
0.8518331664981056 
0.8499973273503383 
0.8475676758218831 
0.8467034372177222 
0.8432730830812253 
0.8390157525581277 
0.8371774414689738 
0.8345503497048989 
0.8291306722131834 
0.8235884604012426 
0.8193352563265234 
0.8147588711687761 
0.8108415507214943 
0.8042551034934962 
0.8002156708367313 
0.7992632957440556 
0.7967015679004613 
0.7960481523433695 
0.7888288144983724 
0.7870515742638344 
0.7832430622734325 
0.7795313182915802 
0.7793310629038285 
0.7738089905261812 
0.7687223492108028 
0.7650383520154288 
0.7607816282496995 
0.7522275937711399 
0.7473862678055615 
0.7444247380802638 
0.7390501210728657 
0.7350703543712939 
0.731207865831334 
0.724960719432544 
0.7155288504682468 
0.7081601792058927 
0.7030354638002309 
0.6957725343317642 
0.6877451992665974 
0.681378960833256 
0.6717089954874362 
0.6641408479812185 
0.6582364421344908 
0.6516106359586116 
0.6421216301019202 
0.6354576818482084 
0.6276987150240823 
0.6213589381767416 
0.6138654701900808 
0.6056398881549949 
0.5980202124948956 
0.5881921464212962 
0.5801546882822386 
0.5701689346302268 
0.561746312753303 
0.5537638276686994 
0.5427916889326305 
0.5329030942029508 
0.5255425557740302 
0.519708985640209 
0.512229060877963 
0.5016933242767473 
0.49318073800480877 
0.48571287806469116 
0.47814188487309806 
0.47069660433921656 
0.4626779313141273 
0.4545992888619944 
0.4466448124203483 
0.4386762596160116 
0.43053503742236043 
0.42309205979188164 
0.4143762144868163 
0.40676860387866287 
0.3991671785204231 
0.3903662219170556 
0.3815196443710083 
0.3746459589280362 
0.3683006743083873 
0.360143886200883 
0.3513261252531339 
0.34572449655393267 
0.3403212478907742 
0.3336826716406373 
0.32550353817832833 
0.3188148594399885 
0.3104541736025388 
0.3038678333842546 
0.2976486263487854 
0.2925883054578996 
0.2872534099381502 
0.2828212962027566 
0.27697847857328023 
0.27141114434034797 
0.26502715485661404 
0.2601484154488921 
0.254712067696736 
0.25024937688766885 
0.2441043172840049 
0.24029976125903038 
0.23488138618761936 
0.2296137420466301 
0.22562874507749883 
0.22073617423047975 
0.21660874296305985 
0.21244415320717402 
0.20817541826051605 
0.20251653566629713 
0.1982372444731355 
0.193699881409033 
0.18862468147795056 
0.18619570698919247 
0.18191589549209086 
0.17876539605625114 
0.1747469850823273 
0.17163856683353118 
0.16858525747289949 
0.16509427177773756 
0.16117994599653504 
0.15801594943830127 
0.15436009849457277 
0.151573394638244 
0.1485370019818454 
0.14547828921680966 
0.1423685932593605 
0.14006283409146017 
0.13669045028328575 
0.13493263845889877 
0.13220076679746878 
0.13059861905240092 
0.12760388903089157 
0.12566288760120187 
0.12312489963793136 
0.12209106456398601 
0.1192499822135124 
0.11768708816933011 
0.11528993704060417 
0.11219437348649315 
0.11014967824251791 
0.10811667045509918 
0.10650331428645751 
0.10467611906038815 
0.1029419080841458 
0.10096470029536128 
0.09867622326618763 
0.09618238946619784 
0.09473058387358387 
0.09277494307665503 
0.09088311538088191 
0.08874520411893852 
0.08720204554626491 
0.0856505781026784 
0.08452168996228776 
0.08336841730870292 
0.08197300117794498 
0.08076694019353048 
0.0791558445973818 
0.07761243544031242 
0.0762307018402181 
0.07531021831880184 
0.07367107572662543 
0.07181330664722842 
0.07062149464229273 
0.0696370697251122 
0.06857958020667224 
0.06749381318358567 
0.06642027671337355 
0.0642069777652801 
0.06303924518039755 
0.062248267916081054 
0.06118985318235536 
0.060132159407079507 
0.05903077428984082 
0.05790731623479011 
0.05684726622458746 
0.056072770071965476 
0.05458523003813353 
0.05411711344622358 
0.0535470452111398 
0.0525909088144206 
0.051650061720470306 
0.05095242810274185 
0.05000365142518904 
0.049240238338068926 
0.04869174681592722 
0.04755061262840136 
0.046762952473620445 
0.045851614283056376 
0.045371830128674316 
0.04490950304453573 
0.04432042553131779 
0.043948785786676894 
0.04290627330624155 
0.04188519983486052 
0.04097188453783886 
0.04029265295173096 
0.03991296089845074 
0.03890825943227142 
0.03838011842105338 
0.037741252870544396 
0.037863614343644346 
0.037242190647420084 
0.03694348407385271 
0.03606812821130172 
0.035325168708159285 
0.03511415697537684 
0.03433753772897598 
0.03445106578005049 
0.033432912830563766 
0.03271124223774541 
0.03239396944026091 
0.032053241120331984 
0.031704184080597546 
0.031006582696759426 
0.030489302822750294 
0.030262916967103527 
0.02993037109538826 
0.029407200756734756 
0.028466683970190865 
0.02840604260439047 
0.028247815383611916 
0.027775323338531874 
0.027609237222075266 
0.027236351925051236 
0.027056257416341083 
0.02696423311057471 
0.026474933386557167 
0.02576588274701584 
0.025615947932246412 
0.02548944126798078 
0.02533590404151249 
0.024867613330952238 
0.02489076271842046 
0.0250423089490303 
0.024788632289693257 
0.024517937500085647 
0.02373416863758938 
0.023262690645330805 
0.022982445373687325 
0.022788395320890664 
0.02287779960434713 
0.022471487249575168 
0.022370339650578667 
0.02214640514468702 
0.022113787411528703 
0.022266450603097367 
0.021983826424646465 
0.022096601867254075 
0.02227526733549557 
0.022050054745565463 
0.02195126260878855 
0.021939251398390487 
0.0218093402245395 
0.021414909183946663 
0.0216245061936052 
0.02161469453499681 
0.02146239250704739 
0.021212467094941765 
0.02081016202564443 
0.02100991132970979 
0.020911249934283668 
0.02100428548981063 
0.02039987712783941 
0.020731716131671102 
0.020805060613746238 
0.020252641739392764 
0.020130383491944532 
0.02038474928146729 
0.01984063423783099 
0.019761796669065634 
0.019805785736833566 
0.019789154501413636 
0.019756467732970535 
0.019789536662039166 
0.01955885317084073 
0.019754074032983043 
0.019528158775004672 
0.019998920374847646 
0.019743999957736676 
0.019676816230319416 
0.019556350002277473 
0.01975667466505201 

Shuffle WireRing - Clustering WireRing 50
0.0 
0.1159999999999998 
0.3229999999999996 
0.4644619047619025 
0.5636126984126969 
0.6335460317460317 
0.6882682539682538 
0.7378789321789319 
0.764866883116883 
0.7964802697302694 
0.8125115329115327 
0.8285255744255736 
0.8359241377903133 
0.8433714590964586 
0.8456287957140889 
0.8506646898165472 
0.8497827484864644 
0.8518331664981056 
0.8499973273503383 
0.8475676758218831 
0.8467034372177222 
0.8432730830812253 
0.8390157525581277 
0.8371774414689738 
0.8345503497048989 
0.8287072610172622 
0.8239044870735377 
0.8203157724538291 
0.8150474886727648 
0.8099651208557697 
0.8066996409308241 
0.7996813042557631 
0.7960022739452914 
0.7866852859718892 
0.7831051076043408 
0.7776005294346545 
0.7765525678104344 
0.7730678395854129 
0.77211575310797 
0.7700159169209935 
0.7688275782676145 
0.7647834159365853 
0.7579519427403902 
0.7542522662078287 
0.7524879858650025 
0.7494437950814251 
0.745763956386575 
0.7426224336396477 
0.7381334535660921 
0.733742337450754 
0.7323551910288151 
0.7295871225235341 
0.7267071048271113 
0.7244916559463535 
0.7225457350874148 
0.7204873403226417 
0.7180313791696405 
0.711164523090695 
0.7065099887520098 
0.7024103920695055 
0.6998342061095141 
0.696535224929453 
0.693025429657655 
0.6914878575977618 
0.6890385927187771 
0.6852951529934945 
0.680908743651139 
0.6789122398463576 
0.6763484420252578 
0.6734773119913652 
0.670062185539323 
0.6666902526716804 
0.6640779485479839 
0.6608158766350416 
0.6565955248416329 
0.6522732909897436 
0.6491173266541072 
0.6451254992219888 
0.639941498755755 
0.6375171158659556 
0.6341264456493717 
0.6301794611502086 
0.6255487833344037 
0.6210176370935323 
0.6170779356585623 
0.6117001386452189 
0.6064098702129906 
0.6004938097856245 
0.5952424434812508 
0.5914072131877296 
0.5846267292903065 
0.5802915252453625 
0.5750155463377729 
0.5689889119390724 
0.5625555779342493 
0.5553587985103249 
0.5482286557819022 
0.5442729419309782 
0.5383366636491466 
0.5329287030374811 
0.5276667042836339 
0.5215482908885264 
0.5160875417276192 
0.5090976562172289 
0.5042826662959163 
0.49773492762551774 
0.49052606627031464 
0.48505368020048184 
0.47972691251753746 
0.4733000473236722 
0.4662395400338761 
0.4612140594861933 
0.456005267971661 
0.4495138162022268 
0.4428049544601705 
0.4385352150312616 
0.4322050643966888 
0.42782437830176884 
0.4218055973074322 
0.4153856514201373 
0.4074843209131232 
0.4015342377312589 
0.3971285141322907 
0.39038614191986104 
0.38387773515413937 
0.37862728540637974 
0.37216308491725325 
0.3661027484465935 
0.3603771244635613 
0.35514647156403945 
0.34846019599292744 
0.3446257846899577 
0.33976297258825344 
0.33532113666632063 
0.330229116137009 
0.32582971291568663 
0.3209203932616498 
0.3173877473190151 
0.3129859693384347 
0.3097003331984535 
0.30369262913451905 
0.30003518715619326 
0.2951293581403491 
0.2905348716217968 
0.2869943267408771 
0.2833019916208115 
0.27938485840707417 
0.2750381102150344 
0.27018954741234225 
0.2653134591978857 
0.26099594242525154 
0.25641613894954535 
0.2519294825924176 
0.24873574227130119 
0.24545138125652613 
0.24176392934891308 
0.23768912777916168 
0.2340357551532917 
0.23066472835503507 
0.22735892744492242 
0.22415048864114664 
0.22031340936462207 
0.21729200234530208 
0.21429869360038556 
0.211037549190563 
0.20802922690050943 
0.2054881867450185 
0.201970171998762 
0.19883680427442338 
0.19601976060359574 
0.19423403368810685 
0.19180792543759795 
0.1894023193338532 
0.18719372629109618 
0.18488096406180612 
0.18143205077008853 
0.17814743642133282 
0.17543681269129002 
0.17300372762528335 
0.17007936377250837 
0.1667598716176894 
0.16446809194955922 
0.16194717613617918 
0.1595624564919224 
0.15759735829915195 
0.15525156688762284 
0.1529342082970647 
0.15073616711574583 
0.14865545106318342 
0.14641185828824493 
0.14423538935846886 
0.14185695570994544 
0.140008993280901 
0.1376588748373881 
0.13530654376199006 
0.13287837921418907 
0.13036586892809052 
0.12837065363370515 
0.1261153229957526 
0.12415932279422398 
0.12255359758269022 
0.12090794367240179 
0.11938288770002886 
0.1179365982319225 
0.11586642120487962 
0.11433080390440682 
0.11282316780562032 
0.11137384842044269 
0.10939655743063087 
0.10845147499575591 
0.10686443986901743 
0.10470819755282455 
0.10302327030875863 
0.10140843131385795 
0.09971566189966437 
0.09805259168522283 
0.09646420697391027 
0.09511851220228107 
0.09358297999761016 
0.09218962098011578 
0.09115860747592187 
0.08989292309411363 
0.0890650181125522 
0.08778045995061837 
0.0865246116353466 
0.08531572910713894 
0.08423036076970325 
0.08279387631721648 
0.0816579687293918 
0.08046786892113891 
0.0792427563127264 
0.07813112054288483 
0.0767418721587948 
0.07520325660945494 
0.0741731181659995 
0.07318090834929487 
0.07194208843267179 
0.07087195002621997 
0.07029212379356489 
0.06908585687033811 
0.06840365901925778 
0.06721851839711605 
0.06611112941565753 
0.06537479154270162 
0.06435654482414711 
0.06352252982898461 
0.06290586615490429 
0.06196596340561494 
0.061155126757849475 
0.06027488682285983 
0.05929929483575826 
0.05849375626624438 
0.05787808928531517 
0.05705166382997598 
0.05633076296706987 
0.055781839798891404 
0.054945362912298415 
0.05392580006875375 
0.05340792642541081 
0.05282176570217048 
0.05225623281763814 
0.05136148733375997 
0.05084243404578968 
0.04998980989842952 
0.049346288112179656 
0.048636183993242425 
0.04794473848029126 
0.04728452484076126 
0.0466972479837507 
0.04619277421515785 
0.045642711681732964 
0.04472209566223795 
0.044140912134977 
0.043372990169672984 
0.04294635723186524 
0.042187246216960794 
0.04156475320039756 
0.04109943077932553 
0.04048775376513527 
0.03988655319909199 
0.03943963092555609 
0.03891692569462446 
0.03857438607324137 
0.037943257233039575 
0.0374217194866293 
0.037044238731200725 
0.03639727484431683 
0.03584387211099196 
0.03545480621308743 
0.03496239316124888 
0.03448857375495542 
0.034137796336362485 
0.033715344036476115 
0.033197648102796434 
0.03286229819912672 
0.03238040080022101 
0.03190148795340388 
0.03149503483660048 
0.031035611292729366 