Shuffle WireStar - Clustering 30
0.999 
0.3130432331524561 
0.3211423046936787 
0.3432146734022585 
0.3617462629048468 
0.3733826114789654 
0.38181981463413384 
0.3855642101694347 
0.3888106036035755 
0.38886332150334046 
0.3794251552407151 
0.3733519325614597 
0.3684281714281127 
0.3620902650047979 
0.357763390628518 
0.35210252020068683 
0.3426330364394267 
0.33517708553716147 
0.32793663163593284 
0.3173490655776869 
0.30778535908605226 
0.29846304537165746 
0.28928630062431215 
0.28161826032670184 
0.2747056304771494 
0.26651549192519886 
0.2587623513662132 
0.25125646440597194 
0.23922939043139826 
0.2322568481828043 
0.22484074193862352 
0.2175884803001993 
0.20979493965786414 
0.2005745811771576 
0.19288354120981513 
0.18606861538425912 
0.1786727182080529 
0.17141309110275343 
0.1657237923072962 
0.15941016219603127 
0.1511496655220049 
0.14577861835878753 
0.1401358297201171 
0.13455193742338287 
0.12823427882039853 
0.12278310428378175 
0.11752832705147455 
0.11337928343992576 
0.10913361666963431 
0.10479139120013672 
0.10120062819715309 
0.09719038951482954 
0.09371942526973082 
0.08954836189734126 
0.08652828793914871 
0.08270627516201882 
0.07999828405623413 
0.0775027102029171 
0.07391751638776532 
0.0707478549696105 
0.06804358062304294 
0.06560751448460159 
0.06335767610176733 
0.061284967546466965 
0.05884769567910327 
0.05675315550203849 
0.0548258668621264 
0.052853051936343175 
0.050739294412822544 
0.04892918202214063 
0.04743382302837537 
0.04553312645604183 
0.0440879024964308 
0.042640457779756086 
0.04105793236286446 
0.03975034696006173 
0.038802167739843574 
0.03764531580448285 
0.036264795928008846 
0.034846952703661484 
0.03438272254643119 
0.03367304391121251 
0.03273674342543892 
0.03241118914409608 
0.031804176388514925 
0.031203515569059148 
0.030178344762817434 
0.02956813186278842 
0.029014313857189163 
0.02846360548141596 
0.02823120028080553 
0.02783288516859299 
0.027590089703162596 
0.027226057463303553 
0.027233296630941456 
0.027151644061316076 
0.026891500064949114 
0.026449926281600318 
0.026670376279552876 
0.02647211237446179 
0.025929077332128955 
0.02576050134688351 
0.025561017245487525 
0.02542689962814616 
0.02566846965163208 
0.025145268456023485 
0.024408484016018736 
0.023984954802086646 
0.024231817444997885 
0.024095390029706704 
0.02370365125257077 
0.023968459929419917 
0.02412926679838647 
0.023937686001518174 
0.023652682601909773 
0.02364128459091822 
0.023626550201784693 
0.023424570559654707 
0.023387153767539828 
0.023036885092100418 
0.022722818171462607 
0.022552404144206933 
0.02266954447808013 
0.02272786121724062 
0.022948250437273606 
0.02250818719019609 
0.02263973540034804 
0.022427748481093995 
0.022604437833340086 
0.02253482004014278 
0.022379141670356796 
0.022312591708508342 
0.022485210776653868 
0.0225214353496713 
0.022338812611488016 
0.022097158042832923 
0.022021161510062462 
0.022314602510516517 
0.022219305037051034 
0.022078176830002415 
0.021529955415563892 
0.021823316216575107 
0.02143902491855337 
0.020946919978643022 
0.020998817274569485 
0.021265025674525036 
0.021193675693472507 
0.021563994015954265 
0.021391423914988675 
0.02161212349639597 
0.021628972325653292 
0.021377495459403737 
0.021319561374264287 
0.021025320848632793 
0.020768163375301203 
0.020789935342864753 
0.020841601166930263 
0.02080185151019124 
0.02121435791017942 
0.021177238600694176 
0.021102942780741523 
0.021249240354655547 
0.021239867048309487 
0.021067474515811428 
0.02051666201058831 
0.020860309601875536 
0.020812326552520313 
0.02047757233427349 
0.020339656829628683 
0.02015994768482638 
0.02059484932212993 
0.020812215674943346 
0.020561072836971315 
0.020901760609954235 
0.02107047839795559 
0.020854687414082116 
0.02077885484279275 
0.020520356385095386 
0.02040895894232655 
0.020057438917916184 
0.020265428520791256 
0.020463926931486517 
0.020503806325994453 
0.02086633393873312 
0.02091728487122986 
0.02078044067832073 
0.020850913549142452 
0.020344486897785157 
0.020512591797239736 
0.020714445671384443 
0.02085552656543975 
0.020701677123452902 
0.020410805430611426 
0.020592340848035472 
0.02025960832697416 
0.020239455129472825 
0.020456527157108873 
0.020670832051698947 
0.020557776136994717 
0.020977107505145465 
0.02102738381119168 
0.020813226050207193 
0.020763695857228773 
0.020402597674368816 
0.020514251847567236 
0.020458231202322572 
0.0206591485748982 
0.020424235690391743 
0.020709164395936414 
0.02078510848390119 
0.020637392291546416 
0.02054748438370247 
0.020406041265433203 
0.020379390925738664 
0.020565008525273706 
0.020820280837484804 
0.020330266437827434 
0.02034751899420892 
0.01976863658254148 
0.019846144454159918 
0.01959531829282871 
0.019527970228779733 
0.019432265342879833 
0.019571781728905207 
0.020147914868218156 
0.019907478509379163 
0.02000094747095588 
0.020015330584756214 
0.01986820731390717 
0.020111812755391693 
0.02010604613102287 
0.02006789496481694 
0.02025025888437195 
0.020025083534780896 
0.020064895428250816 
0.01965279418619403 
0.01959732826061773 
0.020066184661398357 
0.02024894549930972 
0.019987755315689176 
0.019851013666665304 
0.019916123383878333 
0.019894504493307312 
0.02006949815615182 
0.01978408578983753 
0.019795084697533556 
0.019750078784448517 
0.01995679865348272 
0.02012068302798364 
0.02008625048944746 
0.020416511870723093 
0.02053918129711538 
0.02046174500284166 
0.020245611247482895 
0.020485054838573345 
0.020524840582216743 
0.020631645650444782 
0.020206868677838347 
0.020146231227291672 
0.020144462286984622 
0.020130685973137004 
0.019922429406359694 
0.02010063098319416 
0.02005494081858651 
0.02016318435313196 
0.020588659524021394 
0.020916082868662846 
0.020890333997718693 
0.020266014195901242 
0.0202759247693408 
0.02029711173582005 
0.02055392321540392 
0.020509579783272117 
0.02047867582305175 
0.020425163452748692 
0.020374217107916665 
0.020293888278045735 
0.020444959636926163 
0.020381478633834403 
0.020332229448888406 
0.020383374971633797 
0.02059880012331452 
0.020087263415215315 
0.01982258946953161 
0.019907816426859733 
0.01988943825531748 
0.019816751764648356 
0.020070697877261776 
0.0196402572205122 
0.01981941834336567 
0.02008287442357286 
0.020270632593550143 
0.019655898330237884 
0.01960224019491762 
0.019275511966036538 
0.01885897455278523 
0.018898413450826653 
0.019039651384294906 
0.019225676811626433 

Shuffle WireStar - Clustering 50
0.999 
0.25025195700608294 
0.24513529169246084 
0.26600794927415206 
0.2652915030963602 
0.2749858078901512 
0.2807402256858974 
0.28568242983469744 
0.28843299621494073 
0.28727075216994036 
0.28786985881356286 
0.28038501694738766 
0.27857200100533663 
0.2771028089936829 
0.27433370485799724 
0.2720225864866015 
0.2682520201117587 
0.26509039277887547 
0.2587507308256859 
0.253051257636629 
0.24810451522247298 
0.24289180925595877 
0.236046265678786 
0.22942684571147576 
0.2244738153040881 
0.21927121414819611 
0.21360661664364405 
0.207703450822453 
0.2024819762386836 
0.19690715217730081 
0.19198530358361782 
0.1865376487283548 
0.1813732125455042 
0.17606050222570913 
0.17119001465834566 
0.16605769788779545 
0.16111588042798777 
0.15580233994709694 
0.15098747948497354 
0.14655508998405914 
0.14181681038897992 
0.13739196983941018 
0.13280559307885667 
0.12855441382793883 
0.12449946243695947 
0.12028078069182445 
0.11614543729223972 
0.11192347368950334 
0.10833479677328806 
0.10525715767814992 
0.10155543473551999 
0.09804002327729174 
0.09485570899865048 
0.09127939150222511 
0.0881713693026978 
0.0850654118871072 
0.08221386069296067 
0.07957731407373571 
0.07700408879993063 
0.07490907863997982 
0.07243296225931548 
0.07057170944151171 
0.06811377100833872 
0.0660256075939168 
0.06398770104399597 
0.06186005326373417 
0.059811048822904715 
0.058097042954972575 
0.056269178430458304 
0.05470028499761943 
0.053149413947894894 
0.05163369770700638 
0.050278262763027916 
0.048852466324158655 
0.04751731429298289 
0.046221987070736444 
0.04502227002221901 
0.043929367465194685 
0.042831286172190265 
0.041824053873184955 
0.040799168722723704 
0.04005220168391252 
0.039352981593151606 
0.03861338839859935 
0.03771807185496235 
0.0368361378111364 
0.036113836353182854 
0.03549396395971475 
0.03467263223866711 
0.03393053146774438 
0.03327378339837986 
0.032766784836540316 
0.032352163378423594 
0.03176587190538013 
0.031312664664361944 
0.030934379296982666 
0.030509922917790144 
0.030149717333999775 
0.0298494745043823 
0.029659108785850007 
0.029233949714797362 
0.028859955729944518 
0.028531898836609244 
0.028318117108857968 
0.02794551952282257 
0.027648851046324727 
0.027226032569073723 
0.026908018392990694 
0.026563207963887565 
0.0262731970774551 
0.02590853889245418 
0.02577188001963076 
0.02565751065578618 
0.025360560511489307 
0.025274186440755294 
0.025209634889972365 
0.025096306266420346 
0.024884011746733898 
0.024848149387332805 
0.024778840443051644 
0.024508057383767722 
0.024402647629535857 
0.024113092239667063 
0.023802966345592983 
0.02380349820962668 
0.023705168266952598 
0.02364429990697191 
0.02358232362751905 
0.023615633238312738 
0.023786945799620925 
0.023672674814710894 
0.023470946933695835 
0.023493199831242696 
0.023280225337702458 
0.023133925349714222 
0.023177244274516624 
0.023131896077065336 
0.022951681701202563 
0.022814472157261186 
0.022734509682881668 
0.02261387235720385 
0.022636036371212944 
0.02242852809424274 
0.022291450216275568 
0.02213224015276618 
0.02193776054079244 
0.021972073768107538 
0.022071760266980645 
0.021935559179833225 
0.021813337373726486 
0.0218627006567277 
0.021701321743758637 
0.021557070281776537 
0.021314125621789637 
0.021149163593213192 
0.02111294414114789 
0.021387375126259024 
0.02120448910989596 
0.021137551026201375 
0.02125326801833599 
0.021184686872788322 
0.021346480073918102 
0.02138539770158362 
0.02129126163500302 
0.02112708222119192 
0.020951833462648593 
0.020892922547990196 
0.02082122000075192 
0.020880104279656708 
0.02087601214762778 
0.020808263795229678 
0.02089103269293272 
0.02077155094493459 
0.020732759090522086 
0.02077055733233692 
0.020723842030009994 
0.020778051874513655 
0.02073114654580437 
0.02061617068268495 
0.02071097031967695 
0.020740487590974833 
0.020832790601016973 
0.020756683154889797 
0.020924363192229928 
0.02093397737248575 
0.020835882407548183 
0.020798362030838433 
0.020747436424185202 
0.02059877846661517 
0.020450896103738087 
0.02057579889593867 
0.02062039670090856 
0.020604873219768997 
0.020663867349352084 
0.020607017345569294 
0.02068867803277395 
0.020686237111091296 
0.020669852191543606 
0.020548652849334336 
0.020373338394168744 
0.020178478262004605 
0.020211028764876165 
0.02022415294438552 
0.02005054549456171 
0.020073087975373202 
0.019873908810438854 
0.01970719835603558 
0.01960520778427576 
0.0196010541379554 
0.019610043029615214 
0.01954701353496542 
0.019365117623851652 
0.019509481289249855 
0.019583452467429104 
0.01952147758274522 
0.019648791055564056 
0.01959517227248408 
0.019639695571152697 
0.019513569283859403 
0.019339273676706584 
0.01934202914039623 
0.019185307560173052 
0.01914625519169274 
0.01901546951511821 
0.01909426603779944 
0.019194722921564676 
0.019180378527552742 
0.019156056923282896 
0.019142135485169718 
0.01906854429528957 
0.019205621454411265 
0.01925125833773945 
0.01936342987820344 
0.01928601750825679 
0.019099748067792712 
0.019150949851217257 
0.019145253076184983 
0.019037961638484736 
0.01904052384567572 
0.019106223722743475 
0.019178885798969064 
0.019192418151961564 
0.019073741024020714 
0.019010537320352006 
0.019016975394508355 
0.019128616449095602 
0.01925237309465164 
0.019488531397512377 
0.019276907807728075 
0.01931453297469097 
0.019367266467437153 
0.019259619116286465 
0.01911376401977739 
0.01904399277607693 
0.019074814736847932 
0.01915950868584676 
0.019063061716321408 
0.01907701310812839 
0.018808972952374853 
0.018806185381680374 
0.018908189842514703 
0.018734442527545636 
0.01865079490683602 
0.018675307336533917 
0.018670513822785558 
0.018683446298883213 
0.018711854777290027 
0.01873713608856396 
0.018728281657738925 
0.018565040123071253 
0.018612784783158105 
0.01868665413207634 
0.018657805306052867 
0.01879126702565785 
0.01887838937901588 
0.01887715160662937 
0.018855444550549726 
0.018853226127630195 
0.018674534303455594 
0.018739675411907415 
0.01884092260536423 
0.018874103692836645 
0.018907868560575403 
0.01893379545536793 
0.018927388959923883 
0.01906068552228316 
0.018929793463245127 
0.01873733055301561 
0.01873060812091471 
0.018622972383547313 
0.018647926338954554 
0.01869024782153156 
0.018499258239362656 
0.01860241785610015 
0.018641689492680004 
0.018655821854286617 
0.01874628845692488 
0.01877028813634065 
0.018531035594620205 