In-Degree Shuffling with Clustering 30... 

0
0
0
0
0
0
0
1
0
3
3
5
13
27
41
79
80
145
180
205
276
321
335
404
535
519
518
537
516
499
466
443
443
408
377
334
315
278
247
205
200
167
151
133
103
81
78
62
47
38
32
27
23
16
14
14
10
7
7
5
7
3
2
4
2
2
1
2
0
1
1
0
0
0
0
1
0
0



In-Degree Shuffling with Clustering 50... 
0
0
0
0
0
0
0
0
0
0
0
0
0
0
0
0
2
2
9
2
11
14
27
48
46
64
76
116
118
147
143
182
212
222
248
286
284
275
257
272
305
313
290
289
256
251
247
242
249
224
217
220
207
196
197
184
171
172
143
147
163
138
123
115
110
120
106
97
92
82
91
75
72
57
63
67
64
52
53
39
44
45
60
28
29
34
25
17
21
21
23
20
15
17
15
20
15
8
19
12
9
15
13
12
6
9
6
4
7
8
6
2
6
1
1
4
3
0
6
1
3
6
1
2
2
3
2
2
0
0
1
1
0
0
0
0
3
2
0
0
1