Shuffle WireStar - Average 30
1.8999099909991
1.8985298529852985
1.8984698469846986
1.8987798779877987
1.899029902990299
1.8999499949995
1.9020802080208021
1.9041604160416041
1.905960596059606
1.909110911091109
1.9118911891189119
1.9177417741774176
1.922952295229523
1.9302230223022303
1.9367036703670366
1.9432743274327433
1.9534853485348536
1.9614661466146615
1.9721072107210722
1.9811281128112812
1.9948294829482949
2.0026602660266026
2.096859685968597
2.1044604460446044
2.1106110611061104
2.1164316431643164
2.1213021302130213
2.127982798279828
2.137073707370737
2.1448044804480446
2.1514151415141516
2.157955795579558
2.1655065506550657
2.168976897689769
2.176897689768977
2.1815081508150813
2.123002300230023
2.128882888288829
2.1375137513751374
2.1422842284228425
2.1524052405240526
2.157935793579358
2.1623662366236625
2.2361736173617364
2.297989798979898
2.3004700470047004
2.3588658865886587
2.4142814281428144
2.4128012801280128
2.4155715571557157
2.4182518251825185
2.4186518651865185
2.4175317531753175
2.4128612861286127
2.413001300130013
2.5114611461146112
2.5102910291029104
2.508890889088909
2.5074707470747075
2.506870687068707
2.5054305430543056
2.502000200020002
2.5018101810181017
2.4997799779978
2.5004300430043003
2.5032103210321033
2.5078207820782077
2.507950795079508
2.5073007300730072
2.5065406540654065
2.5066306630663067
2.5046104610461044
2.504950495049505
2.5023802380238025
2.503610361036104
2.505970597059706
2.504900490049005
2.5035803580358036
2.506240624062406
2.507910791079108
2.4764176417641766
2.4753175317531753
2.4727772777277726
2.472947294729473
2.4768276827682767
2.5384438443844384
2.5394839483948393
2.541194119411941
2.5416241624162415
2.57007700770077
2.5385438543854386
2.539143914391439
2.5385438543854386
2.5392939293929393
2.5702970297029704
2.5717371737173718
2.5694869486948693
2.5695369536953696
2.5662866286628665
2.567006700670067
2.544724472447245
2.544974497449745
2.544654465446545
2.543994399439944
2.544984498449845
2.51999199919992
2.5201920192019203
2.5188618861886187
2.5205120512051207
2.5235423542354236
2.5239523952395237
2.503680368036804
2.505970597059706
2.464196419641964
2.5096209620962098
2.5090209020902092
2.493629362936294
2.495399539953995
2.4935793579357934
2.5192119211921193
2.5195519551955194
2.5223022302230222
2.522902290229023
2.502850285028503
2.525252525252525
2.5474447444744475
2.5468746874687467
2.5482348234823484
2.5857285728572856
2.5865486548654864
2.602040204020402
2.583008300830083
2.585338533853385
2.586198619861986
2.5872787278727873
2.5886788678867885
2.5877187718771877
2.591979197919792
2.5906290629062907
2.5884288428842885
2.577407740774077
2.577117711771177
2.5592059205920594
2.5753175317531753
2.5905290529052905
2.58999899989999
2.5921592159215923
2.578047804780478
2.57993799379938
2.57989798979898
2.5939393939393938
2.596109610961096
2.595059505950595
2.595879587958796
2.5962096209620964
2.595379537953795
2.5951995199519953
2.5948594859485947
2.5952095209520953
2.597209720972097
2.583058305830583
2.5955395539553954
2.597029702970297
2.597169716971697
2.5981098109810983
2.5999099909991
2.6006500650065005
2.6146014601460146
2.614851485148515
2.614761476147615
2.615331533153315
2.614641464146415
2.614891489148915
2.6157915791579156
2.6162116211621163
2.616981698169817
2.6163416341634163
2.6146914691469147
2.6158715871587157
2.6155815581558155
2.6194419441944192
2.6199019901990197
2.61988198819882
2.6201220122012203
2.62029202920292
2.621982198219822
2.6224822482248227
2.620862086208621
2.6225322532253226
2.620882088208821
2.611001100110011
2.611861186118612
2.612151215121512
2.6086408640864085
2.611821182118212
2.608880888088809
2.6003500350035003
2.600700070007001
2.6013401340134013
2.613231323132313
2.6112711271127114
2.611741174117412
2.613881388138814
2.612211221122112
2.612951295129513
2.614861486148615
2.612961296129613
2.6148214821482147
2.615191519151915
2.618101810181018
2.617001700170017
2.6175217521752177
2.615211521152115
2.6156215621562158
2.607760776077608
2.598919891989199
2.597299729972997
2.598349834983498
2.598069806980698
2.5968296829682966
2.5984098409840986
2.5995699569956994
2.600760076007601
2.601880188018802
2.602880288028803
2.603070307030703
2.603000300030003
2.6028602860286028
2.5994799479947996
2.5999899989999
2.6012201220122013
2.5993999399939995
2.6099309930993098
2.606950695069507
2.6075507550755077
2.6075807580758075
2.606290629062906
2.6049004900490047
2.607130713071307
2.607280728072807
2.606700670067007
2.605130513051305
2.6056005600560055
2.6058105810581056
2.6143214321432144
2.6135513551355136
2.613281328132813
2.614191419141914
2.6126412641264127
2.614781478147815
2.614641464146415
2.6164416441644165
2.6181318131813183
2.6163916391639166
2.6163616361636164
2.6142514251425144
2.6176417641764176
2.613841384138414
2.6146214621462147
2.6156615661566156
2.6224422442244224
2.620792079207921
2.618301830183018
2.618071807180718
2.616951695169517
2.6177317731773178
2.6246024602460247
2.623932393239324
2.626302630263026
2.625812581258126
2.6273127312731273
2.626732673267327
2.6255425542554254
2.631903190319032
2.6326632663266327
2.633803380338034
2.6361836183618363
2.635923592359236
2.6302530253025305
2.628722872287229
2.6264226422642265
2.631073107310731
2.63005300530053
2.6311531153115313
2.63026302630263
2.63034303430343
2.6295329532953295
2.6312431243124315
2.63021302130213
2.6311631163116314
2.632903290329033
2.6306630663066306
2.632053205320532
2.6293729372937293
2.631093109310931
2.6317931793179317
2.6327032703270326
2.634863486348635
2.631763176317632

Shuffle WireStar - Average 50
1.8999099909991
1.8984798479847984
1.8982498249824982
1.8977997799779978
1.8975997599759975
1.8975097509750976
1.8975497549754976
1.8977097709770978
1.8974597459745974
1.896929692969297
1.8974897489748974
1.8982198219821982
1.8986598659865987
1.9000200020002
1.9015001500150015
1.9032703270327034
1.9062906290629063
1.909010901090109
1.9126212621262126
1.915981598159816
1.9178417841784179
1.920882088208821
1.9245324532453245
1.9282428242824283
1.9314431443144315
1.935053505350535
1.9404540454045405
1.9432443244324433
1.9484548454845485
1.9530653065306531
1.9570957095709571
2.0144214421442146
2.0164316431643163
2.0174617461746176
1.9702270227022702
1.9743474347434744
1.9788378837883789
1.9814581458145815
1.9853785378537854
1.9891489148914892
1.9933793379337934
1.9963996399639965
1.9992099209920993
2.004310431043104
2.006110611061106
2.007800780078008
2.011611161116112
2.0158215821582157
2.0174817481748173
2.020822082208221
2.022862286228623
2.0245624562456244
2.0268626862686268
2.0298229822982297
2.02980298029803
2.0301930193019304
2.032053205320532
2.034243424342434
2.034873487348735
2.036243624362436
2.0374437443744373
2.040764076407641
2.082228222822282
2.0846884688468847
2.0843984398439845
2.0846884688468847
2.087008700870087
2.0895289528952894
2.0922892289228923
2.053915391539154
2.056885688568857
2.057995799579958
2.058795879587959
2.0605860586058604
2.0855085508550855
2.1096409640964096
2.1093509350935093
2.1083508350835083
2.1095509550955094
2.110601060106011
2.141174117411741
2.1412041204120413
2.1383038303830384
2.166016601660166
2.1637663766376636
2.164946494649465
2.164376437643764
2.1462246224622463
2.146014601460146
2.1452345234523453
2.1453645364536453
2.1453745374537454
2.1457345734573456
2.146134613461346
2.1464746474647463
2.147394739473947
2.1487148714871487
2.1325632563256325
2.135073507350735
2.134163416341634
2.136723672367237
2.1361936193619364
2.137783778377838
2.1390839083908393
2.1393139313931395
2.1574757475747575
2.1592559255925594
2.158915891589159
2.1602460246024604
2.1761476147614762
2.1942194219421944
2.1953895389538953
2.196869686968697
2.197219721972197
2.1967596759675967
2.1992399239923994
2.2004000400040002
2.203080308030803
2.204130413041304
2.203300330033003
2.2025302530253024
2.2266326632663267
2.227902790279028
2.227572757275728
2.227862786278628
2.2281628162816283
2.231083108310831
2.2445544554455448
2.1945794579457947
2.1966896689668967
2.2002600260026
2.2005700570057005
2.203030303030303
2.2027502750275025
2.2057505750575057
2.207040704070407
2.218151815181518
2.2167916791679168
2.219081908190819
2.2245224522452247
2.2251325132513253
2.2252725272527254
2.2264026402640265
2.2273127312731273
2.227122712271227
2.2283628362836283
2.230833083308331
2.2107810781078108
2.2302230223022304
2.2297329732973297
2.2152815281528153
2.2164016401640163
2.216881688168817
2.2163416341634163
2.219211921192119
2.2195619561956197
2.2202420242024203
2.221992199219922
2.2226322632263225
2.223902390239024
2.223932393239324
2.226082608260826
2.226582658265827
2.2404940494049406
2.228192819281928
2.228142814281428
2.2286528652865285
2.2283528352835282
2.2292329232923294
2.2287928792879286
2.2295729572957295
2.215871587158716
2.2338333833383337
2.234723472347235
2.2344434443444343
2.2346634663466345
2.2334033403340334
2.231683168316832
2.232183218321832
2.234723472347235
2.2346034603460345
2.247164716471647
2.2365936593659366
2.237053705370537
2.2375937593759376
2.2394539453945392
2.240924092409241
2.240954095409541
2.2384038403840383
2.2405440544054405
2.244994499449945
2.245974597459746
2.255745574557456
2.255925592559256
2.256035603560356
2.2567556755675566
2.27006700670067
2.2716471647164718
2.2711971197119714
2.2663966396639665
2.26987698769877
2.2606260626062604
2.261866186618662
2.269156915691569
2.2782478247824782
2.267096709670967
2.267186718671867
2.268616861686169
2.2726172617261726
2.274067406740674
2.274697469746975
2.2868186818681866
2.287288728872887
2.287928792879288
2.287798779877988
2.2873287328732874
2.288978897889789
2.288708870887089
2.288978897889789
2.2876787678767876
2.296899689968997
2.2954095409540956
2.298109810981098
2.2984198419841984
2.302100210021002
2.302140214021402
2.3019101910191018
2.3012601260126013
2.303050305030503
2.3003700370037006
2.299899989999
2.2998599859985998
2.3002600260026003
2.2982898289828984
2.301370137013701
2.3003700370037006
2.3003300330033003
2.3001400140014003
2.298969896989699
2.3012101210121014
2.2998199819982
2.2942494249424943
2.294129412941294
2.292679267926793
2.29025902590259
2.289148914891489
2.2888788878887887
2.2898189818981898
2.28982898289829
2.2891789178917894
2.28001800180018
2.2775077507750776
2.2816481648164815
2.281268126812681
2.282068206820682
2.283178317831783
2.2912891289128914
2.295969596959696
2.3005100510051006
2.300790079007901
2.301920192019202
2.3032603260326034
2.3042904290429043
2.307050705070507
2.307800780078008
2.309130913091309
2.3076907690769075
2.306740674067407
2.2993399339933993
2.300880088008801
2.301920192019202
2.3014401440144012
2.2955495549554956
2.287148714871487
2.288158815881588
2.287648764876488
2.288008800880088
2.2896089608960897
2.2871987198719874
2.289268926892689
2.2914391439143915
2.2915191519151916
2.291189118911891
2.2998899889989
2.303040304030403
2.3053005300530054
2.304200420042004
2.3146514651465147
2.313811381138114
2.3145114511451146
2.315001500150015
2.3142914291429144
2.315811581158116
2.3084808480848085
2.307980798079808
2.3113311331133115
2.321322132213221
2.3192519251925194
2.3265526552655267