Shuffle WireRing - Average Path 30
2500.2500250025
2324.8236323632364
2000.8912891289128
1732.3852485248524
1519.4960096009602
1346.4769276927693
1206.4159715971598
1091.6991899189918
985.5553555355535
892.4110411041104
824.011601160116
751.2555155515552
701.0529552955295
655.9890489048905
603.2390339033904
562.3303830383038
526.3937393739374
496.72162216221625
465.575897589759
438.4125412541254
410.75870587058705
388.5936693669367
368.97756775677567
348.2072507250725
333.3782478247825
313.9645164516452
293.4711171117112
279.32854285428544
265.7114911491149
251.64168416841684
240.78375837583758
226.84410441044105
214.8086708670867
206.25135513551356
196.15132513251325
188.58233823382338
178.1064206420642
170.63538353835384
159.84967496749675
152.4845584558456
146.24944494449446
139.92984298429843
134.7043904390439
130.05909590959095
124.05733573357335
118.9962696269627
115.71723172317232
110.0031703170317
102.55038503850385
99.41127112711271
96.47731773177318
93.33156315631562
88.64877487748775
85.08444844484448
82.45675567556755
79.77911791179118
76.45482548254826
73.39295929592959
70.6910591059106
69.32794279427942
67.12924292429243
64.77146714671467
62.88702870287029
61.614301430143016
59.50941094109411
57.005850585058504
55.68353835383538
53.56570657065706
51.88852885288529
49.32284228422842
47.28560856085608
46.77697769776978
46.14104410441044
44.483808380838084
42.97633763376338
41.28016801680168
40.61226122612261
39.70749074907491
38.48174817481748
37.453295329532956
35.903740374037405
34.765036503650364
33.13636363636363
33.18957895789579
32.88886888688869
31.56965696569657
30.11933193319332
28.436653665366535
27.876487648764876
27.21073107310731
26.493799379937993
25.95917591759176
24.87041704170417
23.42252225222522
22.795389538953895
22.587258725872587
22.173867386738674
21.735243524352434
21.488458845884587
21.185358535853585
20.126942694269427
19.325012501250125
19.027962796279628
18.741684168416842
18.285168516851684
18.164036403640363
17.67200720072007
17.36133613361336
17.0006100610061
16.595359535953595
16.25180518051805
15.6997599759976
15.400600060006001
15.0011601160116
14.565256525652565
14.15868586858686
13.832983298329832
13.287558755875587
13.238043804380439
12.802860286028602
12.946184618461846
12.591709170917092
12.35923592359236
12.025322532253226
11.723982398239825
11.184188418841885
11.081238123812382
10.818171817181717
10.672187218721872
10.385748574857486
10.155825582558256
9.986218621862186
9.857025702570256
9.638533853385338
9.486658665866587
9.268946894689469
9.097089708970897
8.912171217121712
8.887868786878688
8.752985298529852
8.597359735973598
8.444414441444144
8.21867186718672
7.994709470947095
7.683448344834483
7.4347634763476345
7.248164816481649
7.16075607560756
6.964006400640064
6.852975297529753
6.813151315131513
6.754135413541354
6.696499649964997
6.574747474747475
6.466026602660266
6.4042404240424045
6.313231323132313
6.204360436043604
6.0909990999099906
5.941654165416542
5.8997699769977
5.811771177117712
5.646844684468447
5.576357635763577
5.503960396039604
5.432803280328033
5.356895689568957
5.257325732573257
5.235273527352735
5.125692569256926
5.026462646264626
4.915541554155416
4.787388738873887
4.7384938493849384
4.681598159815982
4.610861086108611
4.537843784378438
4.411681168116812
4.343224322432243
4.238903890389039
4.2016301630163015
4.182898289828983
4.151705170517052
4.088528852885289
4.0357535753575355
3.9757175717571758
3.906990699069907
3.847094709470947
3.8105310531053105
3.7705370537053704
3.706630663066307
3.675017501750175
3.6477747774777476
3.592999299929993
3.575857585758576
3.5436143614361435
3.52999299929993
3.515161516151615
3.4627562756275627
3.447974797479748
3.427892789278928
3.4050705070507052
3.370877087708771
3.335003500350035
3.30987098709871
3.287288728872887
3.273837383738374
3.252185218521852
3.222812281228123
3.1845484548454848
3.1654465446544653
3.1422642264226424
3.1204920492049206
3.1048404840484047
3.090579057905791
3.0785178517851786
3.0530353035303532
3.0366836683668366
3.0266226622662264
3.0052005200520053
2.9854885488548857
2.979117911791179
2.9655465546554653
2.9487348734873486
2.941014101410141
2.925412541254125
2.907960796079608
2.8970797079707973
2.8755875587558757
2.8585658565856584
2.8486948694869487
2.8425642564256424
2.822742274227423
2.8153315331533153
2.802870287028703
2.790959095909591
2.7782678267826784
2.7703170317031702
2.7666566656665665
2.7608560856085607
2.758145814581458
2.754235423542354
2.750995099509951
2.7462246224622464
2.7426242624262427
2.745194519451945
2.741994199419942
2.738183818381838
2.7363836383638365
2.7350335033503352
2.732033203320332
2.730983098309831
2.7285328532853286
2.7271127112711273
2.72983298329833
2.7284328432843283
2.7247124712471247
2.722762276227623
2.721762176217622
2.71995199519952
2.7166616661666168
2.7172817281728174
2.7152815281528153
2.7165816581658166
2.716971697169717
2.7156515651565156
2.714821482148215
2.7156415641564156
2.714071407140714
2.711791179117912
2.7116811681168116
2.7104410441044102
2.70990099009901
2.7085508550855084
2.707820782078208
2.7070807080708073
2.7046904690469047
2.7033903390339034
2.702240224022402
2.7042404240424043
2.7020602060206023
2.701050105010501
2.7025902590259028
2.6993899389938996
2.700910091009101
2.696949694969497
2.694739473947395
2.6966096609660966
2.6977997799779976
2.6967596759675967
2.694989498949895
2.6955295529552954
2.695099509950995
2.695369536953695
2.696979697969797
2.696129612961296
2.697059705970597
2.697839783978398
2.6986898689868988

Shuffle WireRing - Average Path 50
2500.2500250025
2324.8236323632364
2000.8912891289128
1732.3852485248524
1519.4960096009602
1346.4769276927693
1206.4159715971598
1091.6991899189918
985.5553555355535
892.4110411041104
824.011601160116
751.2555155515552
701.0529552955295
655.9890489048905
603.2390339033904
562.3303830383038
526.3937393739374
496.72162216221625
465.575897589759
438.4125412541254
410.75870587058705
388.5936693669367
368.97756775677567
348.2072507250725
333.3782478247825
313.718401840184
298.97389738973897
282.30392039203923
267.44473447344734
252.83489348934893
241.43900390039005
229.8814381438144
219.91028102810282
206.16612661266126
195.23358335833584
184.37296729672968
175.00120012001202
167.33020302030204
161.77642764276428
153.47301730173018
146.0036503650365
138.54047404740473
134.22372237223723
126.49527952795279
121.52364236423642
118.46263626362637
114.42726272627263
108.08817881788178
105.37693769376938
102.64810481048104
97.9924692469247
94.5022102210221
87.79114911491149
84.94676467646765
81.98883888388839
80.46423642364236
77.12115211521152
73.5958895889589
71.52795279527953
68.73642364236423
65.72369236923693
62.9975797579758
61.20671067106711
59.14295429542954
57.71131113111311
55.45864586458646
52.81928192819282
51.87552755275527
50.23414341434143
46.98513851385138
45.71902190219022
45.18978897889789
43.67446744674467
42.13336333633363
41.55691569156916
40.710961096109614
39.26367636763676
38.778587858785876
37.75033503350335
37.076817681768176
36.47618761876188
35.4995199519952
34.443274327432746
34.04725472547255
33.013871387138714
32.02798279827983
31.765936593659365
30.82007200720072
30.412421242124214
29.536833683368336
28.356895689568958
28.213751375137512
27.536283628362835
26.0997899789979
25.334713471347136
25.095249524952497
24.25025502550255
23.71886188618862
23.62937293729373
22.734993499349937
22.442614261426144
21.987018701870188
21.75073507350735
21.05159515951595
20.87011701170117
20.762596259625962
20.475117511751176
20.26959695969597
19.896539653965398
18.993639363936392
18.835033503350335
18.34777477747775
18.311721172117213
17.745914591459147
17.384398439843984
17.20915091509151
16.453975397539754
16.08089808980898
16.042934293429344
15.717251725172517
15.4000200020002
15.312341234123412
14.808830883088309
14.672447244724472
14.384908490849085
14.062436243624363
13.737863786378638
13.600970097009702
13.42086208620862
13.199679967996799
12.93983398339834
12.687758775877588
12.491349134913492
12.247824782478247
12.09061906190619
11.790389038903891
11.55046504650465
11.466746674667467
11.42957295729573
11.23021302130213
10.796939693969398
10.63145314531453
10.611231123112312
10.426562656265627
10.212391239123912
10.07996799679968
10.01120112011201
9.768276827682769
9.679877987798779
9.554755475547555
9.461666166616661
9.238383838383838
9.218741874187419
9.1007700770077
8.898959895989599
8.698089808980898
8.598879887988799
8.437953795379538
8.060426042604261
8.018301830183018
7.935033503350335
7.798459845984598
7.722162216221622
7.632913291329133
7.533083308330833
7.372667266726673
7.061126112611261
7.054965496549655
7.005140514051405
6.9281628162816284
6.896119611961196
6.84037403740374
6.795009500950095
6.692279227922792
6.616991699169917
6.465496549654966
6.406820682068207
6.3076207620762075
6.258305830583058
6.224832483248325
6.009440944094409
5.9490549054905495
5.927062706270627
5.778327832783278
5.71978197819782
5.686388638863886
5.602650265026503
5.506910691069107
5.424102410241024
5.361396139613961
5.329682968296829
5.279317931793179
5.232133213321332
5.165696569656966
5.1030303030303035
4.995629562956296
4.923632363236323
4.88958895889589
4.8167416741674165
4.772787278727873
4.7207820782078205
4.695729572957296
4.668736873687369
4.618281828182818
4.556135613561356
4.494149414941494
4.443734373437343
4.424182418241824
4.397099709970997
4.337783778377838
4.298819881988199
4.262586258625863
4.198109810981098
4.141764176417642
4.110771077107711
4.046214621462147
4.007040704070407
3.9835583558355836
3.951805180518052
3.9066506650665067
3.8881488148814882
3.852835283528353
3.8127412741274127
3.767886788678868
3.703170317031703
3.644994499449945
3.6184618461846183
3.5952695269526953
3.571087108710871
3.524272427242724
3.505050505050505
3.4736673667366738
3.443954395439544
3.4037503750375038
3.369076907690769
3.3446644664466447
3.336833683368337
3.3306230623062305
3.315871587158716
3.2835483548354834
3.261186118611861
3.2317031703170316
3.201110111011101
3.1914591459145916
3.165066506650665
3.1425342534253424
3.1187218721872187
3.096109610961096
3.0707070707070705
3.0514251425142516
3.0373237323732374
3.0062606260626064
2.988168816881688
2.9689068906890688
2.9622362236223623
2.9492149214921493
2.929112911291129
2.9167616761676167
2.901900190019002
2.8997399739974
2.88003800380038
2.8683268326832683
2.854075407540754
2.834273427342734
2.8294929492949294
2.8164916491649166
2.7902290229022904
2.7567556755675566
2.741144114411441
2.721122112211221
2.7065306530653066
2.6942894289428945
2.6805380538053805
2.6697769776977696
2.662986298629863
2.6555455545554554
2.6442444244424443
2.631183118311831
2.6276927692769276
2.617611761176118
2.6103510351035104
2.6017201720172016
2.5958395839583956
2.594909490949095
2.588378837883788
2.5785978597859787
2.5744574457445744
2.570757075707571
2.568846884688469
2.567286728672867
2.562006200620062
2.558175817581758
2.5565256525652567
2.5507050705070506
2.5471647164716473
2.5464846484648467
2.5463546354635462
2.5404740474047403
2.535043504350435