In-Degree Shuffle 30 WireStar
0
3
14
27
44
69
85
96
104
147
167
218
206
239
211
242
263
264
274
251
303
275
286
283
298
254
277
254
249
246
242
224
210
219
193
211
191
161
177
161
176
159
123
119
106
95
105
96
99
91
83
82
67
70
57
44
57
63
44
46
56
50
42
33
25
25
30
34
24
19
20
14
14
18
13
12
15
10
6
7
8
7
3
9
4
8
7
3
5
6
4
10
1
2
4
4
2
2
2
2
0
1
2
1
0
1
3
1
1
0
0
1
0
2
0
0
0
0
0
1
0
2
0
0
0
1
1
0
0
1
In-Degree Shuffle WireStar 50
0
0
0
0
0
0
0
0
0
0
0
0
0
0
0
0
2
2
9
2
11
14
27
48
46
64
76
116
118
147
143
182
212
222
248
286
284
275
257
272
305
313
290
289
256
251
247
242
249
224
217
220
207
196
197
184
171
172
143
147
163
138
123
115
110
120
106
97
92
82
91
75
72
57
63
67
64
52
53
39
44
45
60
28
29
34
25
17
21
21
23
20
15
17
15
20
15
8
19
12
9
15
13
12
6
9
6
4
7
8
6
2
6
1
1
4
3
0
6
1
3
6
1
2
2
3
2
2
0
0
1
1
0
0
0
0
3
2
0
0
1
0
0
0
0
0
0
1
0
1