Shuffle WireRing In-Degree with Clustering 30
0
0
0
0
0
0
0
0
0
0
1
1
1
13
11
21
41
64
100
140
186
273
329
361
431
522
548
591
621
638
627
595
575
556
452
419
331
322
275
176
176
144
112
89
72
56
39
18
23
12
12
11
5
4
2
2
1
0
0
0
1

Shuffle WireRing In-Degree with Clustering 50
0
0
0
0
0
0
0
0
0
0
0
0
0
0
0
0
0
0
0
0
0
0
0
0
0
0
2
2
4
6
9
13
19
29
46
58
95
116
125
210
230
237
318
389
410
459
493
513
537
548
509
556
494
507
433
420
338
315
302
243
204
188
126
110
95
70
49
43
27
22
21
17
8
10
9
5
1
5
2
2
0
1